[gd_scene load_steps=9 format=2]

[ext_resource path="res://Level/Gate.tscn" type="PackedScene" id=1]
[ext_resource path="res://Enemy/Enemy.tscn" type="PackedScene" id=2]
[ext_resource path="res://Level/Platform.tscn" type="PackedScene" id=3]
[ext_resource path="res://Player/Spaceship.tscn" type="PackedScene" id=4]
[ext_resource path="res://ClickArea/ClickArea.tscn" type="PackedScene" id=5]
[ext_resource path="res://Level/Sablier.tscn" type="PackedScene" id=6]
[ext_resource path="res://Level/Score.gd" type="Script" id=7]

[sub_resource type="Environment" id=1]
background_mode = 1
background_color = Color( 0.133333, 0.133333, 0.133333, 1 )
ambient_light_color = Color( 1, 1, 1, 1 )

[node name="Game" type="Spatial"]

[node name="UI" type="Control" parent="."]
anchor_right = 1.0
anchor_bottom = 1.0

[node name="ScoreLabel" type="Label" parent="UI"]
margin_left = 15.0
margin_top = 15.0
margin_right = 40.0
margin_bottom = 14.0
text = "Score"

[node name="Score" type="Label" parent="UI"]
margin_left = 15.0
margin_top = 29.0
margin_right = 40.0
margin_bottom = 43.0
text = "0"
script = ExtResource( 7 )

[node name="TimeLabel" type="Label" parent="UI"]
anchor_left = 1.0
anchor_right = 1.0
margin_left = -55.0
margin_top = 15.0
margin_right = -15.0
margin_bottom = 29.0
text = "Time"
align = 2

[node name="Time" type="Label" parent="UI"]
anchor_left = 1.0
anchor_right = 1.0
margin_left = -55.0
margin_top = 29.0
margin_right = -15.0
margin_bottom = 43.0
text = "0"
align = 2

[node name="ClickArea" parent="." instance=ExtResource( 5 )]
transform = Transform( 1.16964, 0, 0, 0, 1.05379, 0, 0, 0, 1, 0, 0, 0 )

[node name="Level" type="Spatial" parent="."]

[node name="Platform2" parent="Level" instance=ExtResource( 3 )]
transform = Transform( 1, 0, 0, 0, 1, 0, 0, 0, 1, -7.79331, 0.875857, 0 )

[node name="Platform4" parent="Level" instance=ExtResource( 3 )]
transform = Transform( 1, 0, 0, 0, 1, 0, 0, 0, 1, -7.79331, -3.12414, 0 )

[node name="Platform5" parent="Level" instance=ExtResource( 3 )]
transform = Transform( 1, 0, 0, 0, 1, 0, 0, 0, 1, -7.79331, -7.12414, 0 )

[node name="Platform3" parent="Level" instance=ExtResource( 3 )]
transform = Transform( 1, 0, 0, 0, 1, 0, 0, 0, 1, -7.79331, 4.87586, 0 )

[node name="Platform6" parent="Level" instance=ExtResource( 3 )]
transform = Transform( 1, 0, 0, 0, 1, 0, 0, 0, 1, -7.79331, 8.87586, 0 )

[node name="Gate7" parent="Level" instance=ExtResource( 1 )]
transform = Transform( 0.258819, 0, 0.965926, 0, 1, 0, -0.965926, 0, 0.258819, -10.5396, -5.107, 0 )
target_gate = NodePath("../Gate5")

[node name="Gate6" parent="Level" instance=ExtResource( 1 )]
transform = Transform( 0.258819, 0, -0.965926, 0, 1, 0, 0.965926, 0, 0.258819, 10.5043, -5.03466, 0 )
target_gate = NodePath("../Gate2")

[node name="Gate2" parent="Level" instance=ExtResource( 1 )]
transform = Transform( 0.258819, 0, 0.965926, 0, 1, 0, -0.965926, 0, 0.258819, -10.5396, -1.107, 0 )
target_gate = NodePath("../Gate6")

[node name="Gate3" parent="Level" instance=ExtResource( 1 )]
transform = Transform( 0.258819, 0, -0.965926, 0, 1, 0, 0.965926, 0, 0.258819, 10.5043, -1.03466, 0 )
target_gate = NodePath("../Gate8")

[node name="Gate8" parent="Level" instance=ExtResource( 1 )]
transform = Transform( 0.258819, 0, 0.965926, 0, 1, 0, -0.965926, 0, 0.258819, -10.5396, 3.03935, 0 )
target_gate = NodePath("../Gate3")

[node name="Gate4" parent="Level" instance=ExtResource( 1 )]
transform = Transform( 0.258819, 0, -0.965926, 0, 1, 0, 0.965926, 0, 0.258819, 10.5043, 3.11169, 0 )
target_gate = NodePath("../Gate9")

[node name="Gate9" parent="Level" instance=ExtResource( 1 )]
transform = Transform( 0.258819, 0, 0.965926, 0, 1, 0, -0.965926, 0, 0.258819, -10.5396, 6.9944, 0 )
target_gate = NodePath("../Gate4")

[node name="Gate5" parent="Level" instance=ExtResource( 1 )]
transform = Transform( 0.258819, 0, -0.965926, 0, 1, 0, 0.965926, 0, 0.258819, 10.5043, 7.06674, 0 )
target_gate = NodePath("../Gate7")

[node name="Spaceship" parent="." instance=ExtResource( 4 )]
collision_layer = 3
collision_mask = 3

[node name="Camera" type="Camera" parent="."]
transform = Transform( 1, 0, 0, 0, 1, 0, 0, 0, 1, 0, 0.517662, 25.1352 )
environment = SubResource( 1 )
v_offset = 1.6
projection = 1
current = true
size = 18.0

[node name="Enemy" parent="." instance=ExtResource( 2 )]
transform = Transform( 1, 0, 0, 0, 1, 0, 0, 0, 1, -6.36793, 0.162475, 0 )

[node name="Enemy2" parent="." instance=ExtResource( 2 )]
transform = Transform( 1, 0, 0, 0, 1, 0, 0, 0, 1, -9.68659, 7.55101, 0 )

[node name="Enemy3" parent="." instance=ExtResource( 2 )]
transform = Transform( 1, 0, 0, 0, 1, 0, 0, 0, 1, 11.9539, 7.55101, 0 )

[node name="Enemy4" parent="." instance=ExtResource( 2 )]
transform = Transform( 1, 0, 0, 0, 1, 0, 0, 0, 1, 11.9539, -7.53092, 0 )

[node name="Sablier" parent="." instance=ExtResource( 6 )]
transform = Transform( 1, 0, 0, 0, 1, 0, 0, 0, 1, 0, 2.45783, 0 )
